LFZO = 0.9497619582173974
LIP = 0.42636699587626775
LCZ = 0.5751345013653987
LCX = 0.9769000156659026
LMUX = 0.6606860289938792
LEX = 1.3396738025154054
LKX = 1.35250727150243
LHX = 1.2001780529480315
LVX = 1.6006942388040732
LGAX = 0.6081252230573153
LCY = -1.2976597968340582
LMUY = 0.8717640480464466
LEY = 0.37223527856199445
LKY = 0.9455690884522873
LHY = 6.0630691640119325
LVY = -0.2310266907841711
LGAY = 0.9995261588650349
LKYG = 0.8839807410932744
LTR = 1.0928052132304267
LRES = -0.33815807546820736
LGAZ = 2.255518639419462
LXAL = 1.1547254324075773
LYKA = 1.7654446783460265
LVYKA = 0.5646002237853224
LS = 0.7559584829487761
LSGKP = 1.0994190015646552
LSGAL = 1.611335325885768
LGYR = 0.9441535063491063
LMX = 0.7175001774027093
LVMX = 1.2248752360936903
LMY = 0.5860871167891477
K_y_ratio = 1.0
K_z_ratio = 1.2435110315319107