LFZO = 0.7983174988479336
LCX = 1.0
LMUX = 1.0
LEX = 1.0
LKX = 1.0
LHX = 1.0
LVX = 1.0
LXAL = 1.0
LGAX = 1.0
LCY = 0.9886360093059395
LMUY = 1.1342711483743515
LEY = 0.9839503496531202
LKY = 1.1963084742191294
LHY = 1.22573332679641
LVY = 1.0563087164138123
LGAY = 1.0
LKYG = 1.0
LTR = 1.3133837469156924
LRES = 0.938638257951368
LCZ = 1.0
LGAZ = 1.0
LYKA = 1.0
LVYKA = 1.0
LS = 1.0
LSGKP = 1.0
LSGAL = 1.0
LGYR = 1.0
LMX = 1.0
LVMX = 1.0
LMY = 1.0
LIP = 1.0
K_y_ratio = 1.0
K_z_ratio = 0.8460185756010794