LFZO = 0.7983335993097604
LCX = 1.0
LMUX = 1.0
LEX = 1.0
LKX = 1.0
LHX = 1.0
LVX = 1.0
LXAL = 1.0
LGAX = 1.0
LCY = 0.9885787287158104
LMUY = 1.1341836642513419
LEY = 0.9838412977238316
LKY = 1.1963203192034386
LHY = 1.2278111112392955
LVY = 1.0563627062794168
LGAY = 1.0
LKYG = 1.0
LTR = 1.3133102547120956
LRES = 0.9386399793742983
LCZ = 1.0
LGAZ = 1.0
LYKA = 1.0
LVYKA = 1.0
LS = 1.0
LSGKP = 1.0
LSGAL = 1.0
LGYR = 1.0
LMX = 1.0
LVMX = 1.0
LMY = 1.0
LIP = 1.0
K_y_ratio = 1.0
K_z_ratio = 0.8460185756010794